{
 "cells": [
  {
   "cell_type": "markdown",
   "id": "fdd239ad",
   "metadata": {},
   "source": [
    "# Random Coefficients Logit Tutorial - PyBLP\n",
    "\n",
    "\n",
    "This tutorial follows Section 4 of the paper from Aviv Nevo (2000): \"A practitioner’s guide to estimation of random‐coefficients logit models of demand.  *Journal of Economics & Management Strategy*, 9 (4), 513-548\".\n",
    "\n",
    "The paper shows a possible application of the random-coefficients Logit model. We are going to use the same data and solve the paper’s cereal problem. The data is fake, and should only be used to learn the method.\n",
    "\n",
    "We will use the PyBLP package for Python 3. Documentation for this package can be found at https://pyblp.readthedocs.io/en/stable/index.html .\n",
    "\n",
    "### Theory of Random Coefficients Logit\n",
    "This method retains the benefits of simpler discrete-choice models: it can be estimated using only market-level price and quantity data and it deals with the endogeneity of prices. Moreover, it returns more realistic demand elasticities than Logit/Nested Logit models. \n",
    "\n",
    "The chosen specification of the indirect utility of consumer $i$ from consuming product $j$ in market $t$ is:\n",
    "\n",
    "$u_{ijt} = \\alpha_i p_{jt} + x'_{jt} \\beta_i + \\xi_{jt} + \\epsilon_{ijt}$\n",
    "\n",
    "Where $p_{jt}$ is the price, $x'_{jt}$ is the (row) vector of $K$ observable characteristics of the product, $\\epsilon_{ijt}$ is the mean-zero stochastic term,  i.i.d. distributed with the Type I Extreme Value (Gumbel) distribution, and $\\xi_{jt}$ is the unobserved (by the econometrician) characteristics.\n",
    "\n",
    "This specification can be derived from a quasilinear utility function (free of wealth effects) because of the way price enters the indirect utility function. Including wealth effects could be more reasonable for other types of products (e.g. cars). Notice that $\\xi_{jt}$, which among other things captures the elements of vertical product differentiation, is identical for all consumers, while $\\alpha_i$ varies: this is consistent with the theoretical literature of vertical product differentiation.\n",
    "\n",
    "The mean utility of the outside good is normalized to zero, so that $u_{i0t} = \\epsilon_{i0t}$.\n",
    "\n",
    "We can separate the linear component of utility from the non-linear one: $u_{ijt} = \\delta_{jt} + \\mu_{ijt} \\;$, where $\\delta_{jt} = \\alpha p_{jt} + x'_{jt} \\bar\\beta + \\xi_{jt} \\;$ is the aspects of mean utility that all individuals agree on, and $\\mu_{ijt}(\\theta) \\;$ is the individual specific heterogeneity (let $\\theta$ be a vector with all parameters of the model).\n",
    "\n",
    "Consumers are assumed to purchase one unit of the good that gives the highest utility. The set of individual attributes that lead to the choice of good $j$ is:\n",
    "\n",
    "$A_{jt}(\\delta) = \\{\\mu_i \\; | \\; \\delta_{jt} + \\mu_{ijt} > \\delta_{j't} + \\mu_{ij't},\\; \\text{for all} \\; j' \\neq j \\}$\n",
    "\n",
    "Therefore, the estimated market share of product $j$ is:\n",
    "\n",
    "$S_{jt}(\\delta_{jt}, \\theta) = \\int_{A_{jt}} \\frac{\\exp{(\\delta_{jt} + \\mu_{ijt})}}{1+\\sum_k \\exp{(\\delta_{kt} + \\mu_{ikt})}}d\\mu $\n",
    "\n",
    "For each $\\theta$ there is a unique $\\delta_{jt}(\\theta)$ that solves $S^{obs}_{jt} - S_{jt}(\\delta_{jt}, \\theta) = 0 \\;$ (Berry, 1994). This system of equations is nonlinear and is solved numerically. It can be solved by using the contraction mapping suggested by BLP(1995), which means computing the series:\n",
    "\n",
    "$\\delta_{jt}^{h+1} = \\delta_{jt}^{h} + ln(S^{obs}_{jt}) - ln(S_{jt}(\\delta_{jt}^{h}, \\theta))\\;\\;\\;\\;$ (see BLP Appendix I for proof of convergence)\n",
    "\n",
    "where $h=0, \\ldots, H$, $H$ is the smallest integer such that $||\\delta_{jt}^{H}-\\delta_{jt}^{H-1}||$ is smaller than some tolerance level, and $\\delta_{jt}^{H}$ is the approximation to $\\delta_{jt}$. In words, we begin evaluating the right-hand side of the series at some initial guess for $\\theta$ and $\\delta_{jt}$, obtain a new $\\delta_{jt}^{h}$, substitute $\\delta_{jt}^{h}$ back into the right-hand side of the series, and repeat the process until convergence. \n",
    "\n",
    "We then compute the error term vector $\\hat\\xi_{jt}(\\theta)$. Let $z_{jt}$ be a set of instruments such that $E[z'_{jt} \\xi_{jt}(\\theta)] = 0$. The GMM estimate is then\n",
    "\n",
    "$\\hat\\theta_{GMM} = \\underset{\\theta}{\\operatorname{argmin}} \\; \\xi(\\theta)' z_{jt} \\Phi^{-1} z'_{jt} \\xi(\\theta)$\n",
    "\n",
    "where $\\Phi$ is the variance-covariance matrix of the moments. The inverse is used to give less weight to those moments that have higher variance.\n",
    "\n",
    "### Specification of Random Taste Parameters\n",
    "\n",
    "We have to specify an initial guess of the nonlinear parameters. This serves two primary purposes: speeding up estimation and indicating to the solver through initial values of zero which parameters are restricted to be always zero.\n",
    "It is common to assume that the random taste parameters follow a multivariate normal distribution, and to break them up into three parts:\n",
    "\n",
    "$\\begin{pmatrix} \\alpha_i \\\\ \\beta_i \\end{pmatrix} =\\begin{pmatrix} \\alpha \\\\ \\beta \\end{pmatrix} + \\Pi d_i + \\Sigma v_i$.\n",
    "\n",
    "where $\\alpha$ and $\\beta$ are the mean taste which all individuals agree on, $d_i$ is a $D\\times1$ vector of known demographic variables, $\\Pi$ is a $(K+1)\\times D$ matrix of coefficients that measure how the taste characteristics vary with demographics, $\\Sigma$ is a $(K+1)\\times (K+1)$ matrix of parameters, and $v_i$ represents unknown individual characteristics. We cannot directly observe individual data about $d_i$ and $v_i$. The difference between the two is that we know something about the distribution of demographics $d_i$ (e.g. thorugh census data).\n",
    "\n",
    "### The Data\n",
    "The data used for the analysis below consists of `shares` and `prices` for 24 brands of breakfast cereals (a differentiated product ) in 47 cities over 2 quarters (`quarter`). `market_ids` are the unique market identifiers (which we subscript $t$). Whithin a market, the sum of all `shares` must be less than 1. Firm and brand are identified by columns `firm_ids`, `product_ids`. There are two product characteristics: `Sugar`, which measures sugar content, and `Mushy`, a dummy variable equal to one if the product gets soggy in milk. There are 20 pre-computed instruments (`demand_instruments0`, ... , `demand_instruments19`). These represent only the excluded instruments. The exogenous regressors will be automatically added to the set of instruments. Finally, demographic variables include the log of income (`Income`), the log of income squared, (`Income Sq`), `Age`, and `Child`, a dummy variable equal to one if the individual is less than sixteen.\n",
    "\n",
    "\n"
   ]
  },
  {
   "cell_type": "markdown",
   "id": "2ed9e259",
   "metadata": {},
   "source": []
  },
  {
   "cell_type": "markdown",
   "id": "4fbc7ae7",
   "metadata": {},
   "source": []
  },
  {
   "cell_type": "markdown",
   "id": "5c96d64f",
   "metadata": {},
   "source": []
  },
  {
   "cell_type": "markdown",
   "id": "f8673da8",
   "metadata": {},
   "source": [
    "## Explaining the Results"
   ]
  },
  {
   "cell_type": "markdown",
   "id": "a7da7887",
   "metadata": {},
   "source": [
    "## Code\n",
    "\n",
    "We start with a plain logit model and then progressively move towards random effects.\n",
    "\n",
    "Before jumping into the code, let's go over some reserved variable names:\n",
    "\n",
    "1. `market_ids`: unique market identifiers\n",
    "2. `shares`: specifies market shares within `market_ids`\n",
    "3. `prices`: endogenous prices\n",
    "4. `demand_instruments_0`, `demand_instruments_1`: excluded instruments"
   ]
  },
  {
   "cell_type": "code",
   "execution_count": 1,
   "id": "cb4c246d",
   "metadata": {},
   "outputs": [
    {
     "data": {
      "text/plain": [
       "'0.12.0'"
      ]
     },
     "execution_count": 1,
     "metadata": {},
     "output_type": "execute_result"
    }
   ],
   "source": [
    "# Set up\n",
    "import pyblp\n",
    "import numpy as np\n",
    "import pandas as pd\n",
    "\n",
    "pyblp.options.digits = 2\n",
    "pyblp.options.verbose = False\n",
    "pyblp.__version__"
   ]
  },
  {
   "cell_type": "code",
   "execution_count": 2,
   "id": "8c228030",
   "metadata": {},
   "outputs": [
    {
     "data": {
      "text/html": [
       "<div>\n",
       "<style scoped>\n",
       "    .dataframe tbody tr th:only-of-type {\n",
       "        vertical-align: middle;\n",
       "    }\n",
       "\n",
       "    .dataframe tbody tr th {\n",
       "        vertical-align: top;\n",
       "    }\n",
       "\n",
       "    .dataframe thead th {\n",
       "        text-align: right;\n",
       "    }\n",
       "</style>\n",
       "<table border=\"1\" class=\"dataframe\">\n",
       "  <thead>\n",
       "    <tr style=\"text-align: right;\">\n",
       "      <th></th>\n",
       "      <th>market_ids</th>\n",
       "      <th>city_ids</th>\n",
       "      <th>quarter</th>\n",
       "      <th>product_ids</th>\n",
       "      <th>firm_ids</th>\n",
       "      <th>brand_ids</th>\n",
       "      <th>shares</th>\n",
       "      <th>prices</th>\n",
       "      <th>sugar</th>\n",
       "      <th>mushy</th>\n",
       "      <th>...</th>\n",
       "      <th>demand_instruments10</th>\n",
       "      <th>demand_instruments11</th>\n",
       "      <th>demand_instruments12</th>\n",
       "      <th>demand_instruments13</th>\n",
       "      <th>demand_instruments14</th>\n",
       "      <th>demand_instruments15</th>\n",
       "      <th>demand_instruments16</th>\n",
       "      <th>demand_instruments17</th>\n",
       "      <th>demand_instruments18</th>\n",
       "      <th>demand_instruments19</th>\n",
       "    </tr>\n",
       "  </thead>\n",
       "  <tbody>\n",
       "    <tr>\n",
       "      <th>0</th>\n",
       "      <td>C01Q1</td>\n",
       "      <td>1</td>\n",
       "      <td>1</td>\n",
       "      <td>F1B04</td>\n",
       "      <td>1</td>\n",
       "      <td>4</td>\n",
       "      <td>0.012417</td>\n",
       "      <td>0.072088</td>\n",
       "      <td>2</td>\n",
       "      <td>1</td>\n",
       "      <td>...</td>\n",
       "      <td>2.116358</td>\n",
       "      <td>-0.154708</td>\n",
       "      <td>-0.005796</td>\n",
       "      <td>0.014538</td>\n",
       "      <td>0.126244</td>\n",
       "      <td>0.067345</td>\n",
       "      <td>0.068423</td>\n",
       "      <td>0.034800</td>\n",
       "      <td>0.126346</td>\n",
       "      <td>0.035484</td>\n",
       "    </tr>\n",
       "    <tr>\n",
       "      <th>1</th>\n",
       "      <td>C01Q1</td>\n",
       "      <td>1</td>\n",
       "      <td>1</td>\n",
       "      <td>F1B06</td>\n",
       "      <td>1</td>\n",
       "      <td>6</td>\n",
       "      <td>0.007809</td>\n",
       "      <td>0.114178</td>\n",
       "      <td>18</td>\n",
       "      <td>1</td>\n",
       "      <td>...</td>\n",
       "      <td>-7.374091</td>\n",
       "      <td>-0.576412</td>\n",
       "      <td>0.012991</td>\n",
       "      <td>0.076143</td>\n",
       "      <td>0.029736</td>\n",
       "      <td>0.087867</td>\n",
       "      <td>0.110501</td>\n",
       "      <td>0.087784</td>\n",
       "      <td>0.049872</td>\n",
       "      <td>0.072579</td>\n",
       "    </tr>\n",
       "    <tr>\n",
       "      <th>2</th>\n",
       "      <td>C01Q1</td>\n",
       "      <td>1</td>\n",
       "      <td>1</td>\n",
       "      <td>F1B07</td>\n",
       "      <td>1</td>\n",
       "      <td>7</td>\n",
       "      <td>0.012995</td>\n",
       "      <td>0.132391</td>\n",
       "      <td>4</td>\n",
       "      <td>1</td>\n",
       "      <td>...</td>\n",
       "      <td>2.187872</td>\n",
       "      <td>-0.207346</td>\n",
       "      <td>0.003509</td>\n",
       "      <td>0.091781</td>\n",
       "      <td>0.163773</td>\n",
       "      <td>0.111881</td>\n",
       "      <td>0.108226</td>\n",
       "      <td>0.086439</td>\n",
       "      <td>0.122347</td>\n",
       "      <td>0.101842</td>\n",
       "    </tr>\n",
       "    <tr>\n",
       "      <th>3</th>\n",
       "      <td>C01Q1</td>\n",
       "      <td>1</td>\n",
       "      <td>1</td>\n",
       "      <td>F1B09</td>\n",
       "      <td>1</td>\n",
       "      <td>9</td>\n",
       "      <td>0.005770</td>\n",
       "      <td>0.130344</td>\n",
       "      <td>3</td>\n",
       "      <td>0</td>\n",
       "      <td>...</td>\n",
       "      <td>2.704576</td>\n",
       "      <td>0.040748</td>\n",
       "      <td>-0.003724</td>\n",
       "      <td>0.094732</td>\n",
       "      <td>0.135274</td>\n",
       "      <td>0.088090</td>\n",
       "      <td>0.101767</td>\n",
       "      <td>0.101777</td>\n",
       "      <td>0.110741</td>\n",
       "      <td>0.104332</td>\n",
       "    </tr>\n",
       "    <tr>\n",
       "      <th>4</th>\n",
       "      <td>C01Q1</td>\n",
       "      <td>1</td>\n",
       "      <td>1</td>\n",
       "      <td>F1B11</td>\n",
       "      <td>1</td>\n",
       "      <td>11</td>\n",
       "      <td>0.017934</td>\n",
       "      <td>0.154823</td>\n",
       "      <td>12</td>\n",
       "      <td>0</td>\n",
       "      <td>...</td>\n",
       "      <td>1.261242</td>\n",
       "      <td>0.034836</td>\n",
       "      <td>-0.000568</td>\n",
       "      <td>0.102451</td>\n",
       "      <td>0.130640</td>\n",
       "      <td>0.084818</td>\n",
       "      <td>0.101075</td>\n",
       "      <td>0.125169</td>\n",
       "      <td>0.133464</td>\n",
       "      <td>0.121111</td>\n",
       "    </tr>\n",
       "  </tbody>\n",
       "</table>\n",
       "<p>5 rows × 30 columns</p>\n",
       "</div>"
      ],
      "text/plain": [
       "  market_ids  city_ids  quarter product_ids  firm_ids  brand_ids    shares  \\\n",
       "0      C01Q1         1        1       F1B04         1          4  0.012417   \n",
       "1      C01Q1         1        1       F1B06         1          6  0.007809   \n",
       "2      C01Q1         1        1       F1B07         1          7  0.012995   \n",
       "3      C01Q1         1        1       F1B09         1          9  0.005770   \n",
       "4      C01Q1         1        1       F1B11         1         11  0.017934   \n",
       "\n",
       "     prices  sugar  mushy  ...  demand_instruments10  demand_instruments11  \\\n",
       "0  0.072088      2      1  ...              2.116358             -0.154708   \n",
       "1  0.114178     18      1  ...             -7.374091             -0.576412   \n",
       "2  0.132391      4      1  ...              2.187872             -0.207346   \n",
       "3  0.130344      3      0  ...              2.704576              0.040748   \n",
       "4  0.154823     12      0  ...              1.261242              0.034836   \n",
       "\n",
       "   demand_instruments12  demand_instruments13  demand_instruments14  \\\n",
       "0             -0.005796              0.014538              0.126244   \n",
       "1              0.012991              0.076143              0.029736   \n",
       "2              0.003509              0.091781              0.163773   \n",
       "3             -0.003724              0.094732              0.135274   \n",
       "4             -0.000568              0.102451              0.130640   \n",
       "\n",
       "   demand_instruments15  demand_instruments16  demand_instruments17  \\\n",
       "0              0.067345              0.068423              0.034800   \n",
       "1              0.087867              0.110501              0.087784   \n",
       "2              0.111881              0.108226              0.086439   \n",
       "3              0.088090              0.101767              0.101777   \n",
       "4              0.084818              0.101075              0.125169   \n",
       "\n",
       "   demand_instruments18  demand_instruments19  \n",
       "0              0.126346              0.035484  \n",
       "1              0.049872              0.072579  \n",
       "2              0.122347              0.101842  \n",
       "3              0.110741              0.104332  \n",
       "4              0.133464              0.121111  \n",
       "\n",
       "[5 rows x 30 columns]"
      ]
     },
     "execution_count": 2,
     "metadata": {},
     "output_type": "execute_result"
    }
   ],
   "source": [
    "# Import data\n",
    "product_data = pd.read_csv(pyblp.data.NEVO_PRODUCTS_LOCATION)\n",
    "product_data.head()\n",
    "\n",
    "## TODO: How were demand instruments computed? Check: https://pyblp.readthedocs.io/en/stable/_api/pyblp.data.html#module-pyblp.data"
   ]
  },
  {
   "cell_type": "code",
   "execution_count": 3,
   "id": "1d14ddb1",
   "metadata": {},
   "outputs": [
    {
     "name": "stdout",
     "output_type": "stream",
     "text": [
      "prices + Absorb[C(product_ids)]\n"
     ]
    }
   ],
   "source": [
    "# Set up: Need to specify the formulation of our demand model\n",
    "logit_formulation = pyblp.Formulation('prices', absorb='C(product_ids)')\n",
    "print(logit_formulation)"
   ]
  },
  {
   "cell_type": "code",
   "execution_count": 4,
   "id": "df91979e",
   "metadata": {},
   "outputs": [
    {
     "data": {
      "text/plain": [
       "Dimensions:\n",
       "================================\n",
       " T    N     F    K1    MD    ED \n",
       "---  ----  ---  ----  ----  ----\n",
       "94   2256   5    1     20    1  \n",
       "================================\n",
       "\n",
       "Formulations:\n",
       "==================================\n",
       "     Column Indices:          0   \n",
       "--------------------------  ------\n",
       "X1: Linear Characteristics  prices\n",
       "=================================="
      ]
     },
     "execution_count": 4,
     "metadata": {},
     "output_type": "execute_result"
    }
   ],
   "source": [
    "# With the formulation, we can set up the problem\n",
    "problem = pyblp.Problem(logit_formulation, product_data)\n",
    "problem"
   ]
  },
  {
   "cell_type": "markdown",
   "id": "780059fd",
   "metadata": {},
   "source": [
    "In the output above, we have the following information:\n",
    "\n",
    "$T$: number of markets\n",
    "\n",
    "$N$: number of product-market observations\n",
    "\n",
    "$F$: number of firms (not used in this example)\n",
    "\n",
    "$K_1$: dimension of linear demand parameters\n",
    "\n",
    "$M_D$: dimension of the instrument variables (excluded instruments + exogenous variables)\n",
    "\n",
    "$E_D$: number of fixed effect dimensions (e.g. one-dimensional fixed effects)"
   ]
  },
  {
   "cell_type": "code",
   "execution_count": 5,
   "id": "634ef536",
   "metadata": {},
   "outputs": [
    {
     "data": {
      "text/plain": [
       "Problem Results Summary:\n",
       "==========================================\n",
       "GMM   Objective  Clipped  Weighting Matrix\n",
       "Step    Value    Shares   Condition Number\n",
       "----  ---------  -------  ----------------\n",
       " 2    +1.9E+02      0         +5.7E+07    \n",
       "==========================================\n",
       "\n",
       "Cumulative Statistics:\n",
       "========================\n",
       "Computation   Objective \n",
       "   Time      Evaluations\n",
       "-----------  -----------\n",
       " 00:00:00         2     \n",
       "========================\n",
       "\n",
       "Beta Estimates (Robust SEs in Parentheses):\n",
       "==========\n",
       "  prices  \n",
       "----------\n",
       " -3.0E+01 \n",
       "(+1.0E+00)\n",
       "=========="
      ]
     },
     "execution_count": 5,
     "metadata": {},
     "output_type": "execute_result"
    }
   ],
   "source": [
    "# Let's compute it\n",
    "logit_results = problem.solve()\n",
    "logit_results"
   ]
  },
  {
   "cell_type": "code",
   "execution_count": 6,
   "id": "acde9299",
   "metadata": {},
   "outputs": [
    {
     "data": {
      "text/plain": [
       "array([[-30.04710289]])"
      ]
     },
     "execution_count": 6,
     "metadata": {},
     "output_type": "execute_result"
    }
   ],
   "source": [
    "# We can check out the estimated parameter(s)\n",
    "logit_results.parameters"
   ]
  },
  {
   "cell_type": "code",
   "execution_count": 7,
   "id": "80043bc9",
   "metadata": {},
   "outputs": [
    {
     "data": {
      "text/plain": [
       "{'step': 2,\n",
       " 'optimization_time': 0.0,\n",
       " 'cumulative_optimization_time': 0.0,\n",
       " 'total_time': 0.0041887760162353516,\n",
       " 'cumulative_total_time': 0.023912906646728516,\n",
       " 'converged': True,\n",
       " 'cumulative_converged': True,\n",
       " 'optimization_iterations': 0,\n",
       " 'cumulative_optimization_iterations': 0,\n",
       " 'objective_evaluations': 1,\n",
       " 'cumulative_objective_evaluations': 2,\n",
       " 'fp_converged': array([], shape=(94, 0), dtype=int32),\n",
       " 'cumulative_fp_converged': array([], shape=(94, 0), dtype=int32),\n",
       " 'fp_iterations': array([], shape=(94, 0), dtype=int32),\n",
       " 'cumulative_fp_iterations': array([], shape=(94, 0), dtype=int32),\n",
       " 'contraction_evaluations': array([], shape=(94, 0), dtype=int32),\n",
       " 'cumulative_contraction_evaluations': array([], shape=(94, 0), dtype=int32),\n",
       " 'parameters': array([[-30.04710289]]),\n",
       " 'parameter_covariances': array([[2294.91879723]]),\n",
       " 'theta': array([], dtype=float64),\n",
       " 'sigma': array([], shape=(0, 0), dtype=float64),\n",
       " 'sigma_squared': array([], shape=(0, 0), dtype=float64),\n",
       " 'pi': array([], shape=(0, 0), dtype=float64),\n",
       " 'rho': array([], shape=(0, 1), dtype=float64),\n",
       " 'beta': array([[-30.04710289]]),\n",
       " 'gamma': array([], shape=(0, 1), dtype=float64),\n",
       " 'sigma_se': array([], shape=(0, 0), dtype=float64),\n",
       " 'sigma_squared_se': array([], shape=(0, 0), dtype=float64),\n",
       " 'pi_se': array([], shape=(0, 0), dtype=float64),\n",
       " 'rho_se': array([], shape=(0, 1), dtype=float64),\n",
       " 'beta_se': array([[1.00858874]]),\n",
       " 'gamma_se': array([], shape=(0, 1), dtype=float64),\n",
       " 'sigma_bounds': (array([], shape=(0, 0), dtype=float64),\n",
       "  array([], shape=(0, 0), dtype=float64)),\n",
       " 'pi_bounds': (array([], shape=(0, 0), dtype=float64),\n",
       "  array([], shape=(0, 0), dtype=float64)),\n",
       " 'rho_bounds': (array([], shape=(0, 1), dtype=float64),\n",
       "  array([], shape=(0, 1), dtype=float64)),\n",
       " 'beta_bounds': (array([[-inf]]), array([[inf]])),\n",
       " 'gamma_bounds': (array([], shape=(0, 1), dtype=float64),\n",
       "  array([], shape=(0, 1), dtype=float64)),\n",
       " 'sigma_labels': [],\n",
       " 'pi_labels': [],\n",
       " 'rho_labels': [],\n",
       " 'beta_labels': ['prices'],\n",
       " 'gamma_labels': [],\n",
       " 'delta': array([[-3.80028901],\n",
       "        [-4.26404614],\n",
       "        [-3.75484555],\n",
       "        ...,\n",
       "        [-5.66369566],\n",
       "        [-4.0262351 ],\n",
       "        [-3.19925372]]),\n",
       " 'tilde_costs': array([], shape=(2256, 0), dtype=float64),\n",
       " 'clipped_shares': array([[False],\n",
       "        [False],\n",
       "        [False],\n",
       "        ...,\n",
       "        [False],\n",
       "        [False],\n",
       "        [False]]),\n",
       " 'clipped_costs': array([[False],\n",
       "        [False],\n",
       "        [False],\n",
       "        ...,\n",
       "        [False],\n",
       "        [False],\n",
       "        [False]]),\n",
       " 'xi': array([[ 0.14464767],\n",
       "        [-1.41848001],\n",
       "        [ 0.20215397],\n",
       "        ...,\n",
       "        [-0.23859951],\n",
       "        [-0.61133625],\n",
       "        [ 0.24317004]]),\n",
       " 'omega': array([], shape=(2256, 0), dtype=float64),\n",
       " 'micro': array([], shape=(0, 1), dtype=float64),\n",
       " 'micro_values': array([], shape=(94, 0), dtype=float64),\n",
       " 'moments': array([[-6.14150228e-03],\n",
       "        [-2.51412748e-04],\n",
       "        [ 1.96856040e-01],\n",
       "        [ 1.24847304e-02],\n",
       "        [-1.72136082e-02],\n",
       "        [-2.62132371e-03],\n",
       "        [-2.63308337e-02],\n",
       "        [-5.63751769e-03],\n",
       "        [-4.84515620e-02],\n",
       "        [-2.23295751e-02],\n",
       "        [-1.12351104e-01],\n",
       "        [ 6.31706866e-03],\n",
       "        [ 7.11548762e-04],\n",
       "        [-1.33240671e-05],\n",
       "        [ 1.49313370e-03],\n",
       "        [-5.33963767e-05],\n",
       "        [-7.76201498e-04],\n",
       "        [-2.53981458e-04],\n",
       "        [-2.14968412e-04],\n",
       "        [ 5.53055916e-05]]),\n",
       " 'objective': array([[187.45551298]]),\n",
       " 'xi_by_theta_jacobian': array([], shape=(2256, 0), dtype=float64),\n",
       " 'omega_by_theta_jacobian': array([], shape=(2256, 0), dtype=float64),\n",
       " 'micro_by_theta_jacobian': array([], shape=(0, 0), dtype=float64),\n",
       " 'gradient': array([], shape=(0, 1), dtype=float64),\n",
       " 'projected_gradient': array([], shape=(0, 1), dtype=float64),\n",
       " 'projected_gradient_norm': array(nan),\n",
       " 'hessian': array([], shape=(0, 0), dtype=float64),\n",
       " 'reduced_hessian': array([], shape=(0, 0), dtype=float64),\n",
       " 'reduced_hessian_eigenvalues': array([], dtype=float64),\n",
       " 'W': array([[ 9.63364541e+00,  7.97922919e+00, -1.22404209e-01,\n",
       "         -1.29358141e+00, -7.36182074e-01, -3.42561287e+02,\n",
       "          2.94287806e-01, -1.05863864e+00,  1.75866661e+01,\n",
       "          2.66031810e-01, -6.40562842e-02,  2.05171247e+00,\n",
       "         -1.57805998e+01,  1.13760224e+01,  1.98247372e+00,\n",
       "         -3.28935414e-01, -5.55424289e-01, -1.09988179e+01,\n",
       "         -3.95139298e+00, -1.42862532e+01],\n",
       "        [ 7.97922919e+00,  5.86709913e+02,  5.57347097e-01,\n",
       "          2.15688102e+00,  1.05806954e+02, -3.19320896e+03,\n",
       "         -4.77896356e+00,  9.26600678e+00,  1.65611392e+02,\n",
       "         -1.88458191e+01,  1.90198954e+00,  2.21084144e+00,\n",
       "          1.78397782e+02,  2.05588739e+01, -6.54353575e+00,\n",
       "          1.78489211e+01,  1.03117749e+01, -6.59753705e+01,\n",
       "          1.13284772e+01, -3.78046455e+01],\n",
       "        [-1.22404209e-01,  5.57347097e-01,  8.66182728e-02,\n",
       "          3.90923099e-02, -8.60048985e-01,  8.20941163e+01,\n",
       "         -1.14233978e-02,  2.20891246e-01, -4.07833142e+00,\n",
       "          6.86818211e-02,  2.87302166e-02, -1.90697772e-01,\n",
       "          4.16842938e+00,  2.93780548e-01, -2.86460571e-02,\n",
       "         -1.63978223e-01,  4.81836214e-01,  1.54486980e+00,\n",
       "         -1.16934873e-02,  3.78440290e+00],\n",
       "        [-1.29358141e+00,  2.15688102e+00,  3.90923099e-02,\n",
       "          1.93996387e+01,  5.84456213e+00, -4.87400184e+02,\n",
       "         -4.26124755e-01,  1.13380295e+01,  2.61167792e+01,\n",
       "         -1.80299218e+00,  1.23167244e-01,  3.13884405e-01,\n",
       "          9.71298711e+00, -3.39863477e+00, -1.01688309e+00,\n",
       "          4.58067275e+00, -9.62021365e+00, -5.62113575e+00,\n",
       "          5.37956314e-01,  1.27524430e+01],\n",
       "        [-7.36182074e-01,  1.05806954e+02, -8.60048985e-01,\n",
       "          5.84456213e+00,  5.28246359e+02, -2.50521779e+04,\n",
       "         -5.70712178e+00, -2.39806979e+01,  1.21284984e+03,\n",
       "         -3.08018880e+01,  2.09256978e+00, -1.13955927e+01,\n",
       "          1.04756510e+01, -3.62058381e+02, -6.58480063e+00,\n",
       "         -7.45314358e+00, -9.50687772e+01, -4.97779678e+02,\n",
       "         -2.01802057e+01, -9.54998530e+02],\n",
       "        [-3.42561287e+02, -3.19320896e+03,  8.20941163e+01,\n",
       "         -4.87400184e+02, -2.50521779e+04,  4.17246216e+06,\n",
       "         -5.45209401e+02, -3.46306386e+03, -2.13644894e+05,\n",
       "          4.72503066e+02,  3.43195163e+01, -1.27672059e+03,\n",
       "          3.04746507e+03,  3.98313375e+04,  1.53617124e+03,\n",
       "          6.57374795e+02,  8.43686604e+03,  5.87131217e+04,\n",
       "          1.40571174e+03,  1.09890059e+05],\n",
       "        [ 2.94287806e-01, -4.77896356e+00, -1.14233978e-02,\n",
       "         -4.26124755e-01, -5.70712178e+00, -5.45209401e+02,\n",
       "          7.42502155e-01, -7.06888872e-01,  2.77470325e+01,\n",
       "          1.49563422e+00, -1.74179422e-01,  9.43675180e-01,\n",
       "         -4.45129280e+00, -9.14172586e+00, -8.32381420e-01,\n",
       "         -1.53568913e+00,  8.81018708e-01, -7.86199059e+00,\n",
       "         -1.28765959e+00, -1.46442910e+01],\n",
       "        [-1.05863864e+00,  9.26600678e+00,  2.20891246e-01,\n",
       "          1.13380295e+01, -2.39806979e+01, -3.46306386e+03,\n",
       "         -7.06888872e-01,  8.45053991e+01,  1.91223371e+02,\n",
       "          6.96835759e+00,  4.23938720e-02, -1.40972320e+01,\n",
       "          4.33673248e+01,  9.05970977e-01, -7.38563099e+00,\n",
       "         -1.21818172e+00, -1.54677422e+01, -3.92811502e+01,\n",
       "         -5.40252251e+00,  6.25282054e+01],\n",
       "        [ 1.75866661e+01,  1.65611392e+02, -4.07833142e+00,\n",
       "          2.61167792e+01,  1.21284984e+03, -2.13644894e+05,\n",
       "          2.77470325e+01,  1.91223371e+02,  1.09715899e+04,\n",
       "         -2.03443936e+01, -1.76748770e+00,  6.91423944e+01,\n",
       "         -5.92337413e+01, -1.95083600e+03, -6.92408357e+01,\n",
       "         -2.84143773e+01, -4.19956283e+02, -2.93600620e+03,\n",
       "         -6.25964976e+01, -5.49889132e+03],\n",
       "        [ 2.66031810e-01, -1.88458191e+01,  6.86818211e-02,\n",
       "         -1.80299218e+00, -3.08018880e+01,  4.72503066e+02,\n",
       "          1.49563422e+00,  6.96835759e+00, -2.03443936e+01,\n",
       "          5.78753674e+01, -2.77763370e+00, -9.08400946e+00,\n",
       "          5.13923945e+02,  2.03520121e+01, -4.06624851e+00,\n",
       "         -1.05639699e+01,  7.58525877e+00,  3.40906702e+01,\n",
       "         -1.59369172e+00, -7.93619582e+00],\n",
       "        [-6.40562842e-02,  1.90198954e+00,  2.87302166e-02,\n",
       "          1.23167244e-01,  2.09256978e+00,  3.43195163e+01,\n",
       "         -1.74179422e-01,  4.23938720e-02, -1.76748770e+00,\n",
       "         -2.77763370e+00,  3.64881955e-01, -9.12435165e-01,\n",
       "          1.71059127e+00,  3.57076658e-01,  2.39872193e-02,\n",
       "          3.01486112e-01,  1.75281274e-01, -9.39744501e-01,\n",
       "          3.23133767e-02,  2.15895422e+00],\n",
       "        [ 2.05171247e+00,  2.21084144e+00, -1.90697772e-01,\n",
       "          3.13884405e-01, -1.13955927e+01, -1.27672059e+03,\n",
       "          9.43675180e-01, -1.40972320e+01,  6.91423944e+01,\n",
       "         -9.08400946e+00, -9.12435165e-01,  9.11181020e+01,\n",
       "         -1.06458646e+02,  2.29644907e+01,  4.95576384e+00,\n",
       "         -5.95737773e+00,  9.68604915e+00,  2.49230494e+01,\n",
       "         -3.57339776e+00, -6.59605844e+01],\n",
       "        [-1.57805998e+01,  1.78397782e+02,  4.16842938e+00,\n",
       "          9.71298711e+00,  1.04756510e+01,  3.04746507e+03,\n",
       "         -4.45129280e+00,  4.33673248e+01, -5.92337413e+01,\n",
       "          5.13923945e+02,  1.71059127e+00, -1.06458646e+02,\n",
       "          1.33970311e+04,  2.55089512e+02, -3.33235256e+01,\n",
       "         -1.69906472e+02,  1.07958575e+02,  5.01215345e+02,\n",
       "          6.33986279e+01, -1.70266094e+02],\n",
       "        [ 1.13760224e+01,  2.05588739e+01,  2.93780548e-01,\n",
       "         -3.39863477e+00, -3.62058381e+02,  3.98313375e+04,\n",
       "         -9.14172586e+00,  9.05970977e-01, -1.95083600e+03,\n",
       "          2.03520121e+01,  3.57076658e-01,  2.29644907e+01,\n",
       "          2.55089512e+02,  7.96350257e+03, -1.18255561e+01,\n",
       "         -1.32046654e+02, -8.71384632e+01, -8.89205647e+02,\n",
       "         -1.83680594e+02, -3.12847424e+03],\n",
       "        [ 1.98247372e+00, -6.54353575e+00, -2.86460571e-02,\n",
       "         -1.01688309e+00, -6.58480063e+00,  1.53617124e+03,\n",
       "         -8.32381420e-01, -7.38563099e+00, -6.92408357e+01,\n",
       "         -4.06624851e+00,  2.39872193e-02,  4.95576384e+00,\n",
       "         -3.33235256e+01, -1.18255561e+01,  4.94191071e+02,\n",
       "         -4.48627864e+01, -3.12470952e+01, -1.32741973e+02,\n",
       "          1.36469220e+01, -6.63198407e+01],\n",
       "        [-3.28935414e-01,  1.78489211e+01, -1.63978223e-01,\n",
       "          4.58067275e+00, -7.45314358e+00,  6.57374795e+02,\n",
       "         -1.53568913e+00, -1.21818172e+00, -2.84143773e+01,\n",
       "         -1.05639699e+01,  3.01486112e-01, -5.95737773e+00,\n",
       "         -1.69906472e+02, -1.32046654e+02, -4.48627864e+01,\n",
       "          6.69703060e+02,  9.18438586e+00, -1.61687686e+02,\n",
       "         -4.00189351e+01, -1.49067844e+02],\n",
       "        [-5.55424289e-01,  1.03117749e+01,  4.81836214e-01,\n",
       "         -9.62021365e+00, -9.50687772e+01,  8.43686604e+03,\n",
       "          8.81018708e-01, -1.54677422e+01, -4.19956283e+02,\n",
       "          7.58525877e+00,  1.75281274e-01,  9.68604915e+00,\n",
       "          1.07958575e+02, -8.71384632e+01, -3.12470952e+01,\n",
       "          9.18438586e+00,  1.24536282e+03,  3.83863372e+01,\n",
       "         -1.03750070e+01, -4.66251061e+02],\n",
       "        [-1.09988179e+01, -6.59753705e+01,  1.54486980e+00,\n",
       "         -5.62113575e+00, -4.97779678e+02,  5.87131217e+04,\n",
       "         -7.86199059e+00, -3.92811502e+01, -2.93600620e+03,\n",
       "          3.40906702e+01, -9.39744501e-01,  2.49230494e+01,\n",
       "          5.01215345e+02, -8.89205647e+02, -1.32741973e+02,\n",
       "         -1.61687686e+02,  3.83863372e+01,  1.04510305e+04,\n",
       "         -4.46904391e+01, -4.65886329e+03],\n",
       "        [-3.95139298e+00,  1.13284772e+01, -1.16934873e-02,\n",
       "          5.37956314e-01, -2.01802057e+01,  1.40571174e+03,\n",
       "         -1.28765959e+00, -5.40252251e+00, -6.25964976e+01,\n",
       "         -1.59369172e+00,  3.23133767e-02, -3.57339776e+00,\n",
       "          6.33986279e+01, -1.83680594e+02,  1.36469220e+01,\n",
       "         -4.00189351e+01, -1.03750070e+01, -4.46904391e+01,\n",
       "          6.16574935e+02, -1.88912835e+02],\n",
       "        [-1.42862532e+01, -3.78046455e+01,  3.78440290e+00,\n",
       "          1.27524430e+01, -9.54998530e+02,  1.09890059e+05,\n",
       "         -1.46442910e+01,  6.25282054e+01, -5.49889132e+03,\n",
       "         -7.93619582e+00,  2.15895422e+00, -6.59605844e+01,\n",
       "         -1.70266094e+02, -3.12847424e+03, -6.63198407e+01,\n",
       "         -1.49067844e+02, -4.66251061e+02, -4.65886329e+03,\n",
       "         -1.88912835e+02,  1.70243126e+04]]),\n",
       " 'updated_W': array([[ 9.63501884e+00,  7.98058657e+00, -1.22433438e-01,\n",
       "         -1.29450175e+00, -7.43114142e-01, -3.42240167e+02,\n",
       "          2.94364169e-01, -1.05872328e+00,  1.75708927e+01,\n",
       "          2.67292232e-01, -6.42272825e-02,  2.05456946e+00,\n",
       "         -1.57944302e+01,  1.13827237e+01,  1.98344371e+00,\n",
       "         -3.23878586e-01, -5.54018802e-01, -1.09964614e+01,\n",
       "         -3.95378124e+00, -1.42637803e+01],\n",
       "        [ 7.98058657e+00,  5.86666510e+02,  5.57041714e-01,\n",
       "          2.14963131e+00,  1.05718493e+02, -3.19226129e+03,\n",
       "         -4.77841544e+00,  9.27517203e+00,  1.65591156e+02,\n",
       "         -1.88541395e+01,  1.90149397e+00,  2.21611823e+00,\n",
       "          1.78183108e+02,  2.04395175e+01, -6.56262752e+00,\n",
       "          1.78791222e+01,  1.03794939e+01, -6.60270355e+01,\n",
       "          1.12972998e+01, -3.74264539e+01],\n",
       "        [-1.22433438e-01,  5.57041714e-01,  8.66286693e-02,\n",
       "          3.91183017e-02, -8.61276024e-01,  8.22183213e+01,\n",
       "         -1.14522712e-02,  2.20696611e-01, -4.08445542e+00,\n",
       "          6.85430123e-02,  2.87325554e-02, -1.90372362e-01,\n",
       "          4.16692430e+00,  2.95710007e-01, -2.83974442e-02,\n",
       "         -1.63951965e-01,  4.82530412e-01,  1.54897261e+00,\n",
       "         -1.15942715e-02,  3.78638700e+00],\n",
       "        [-1.29450175e+00,  2.14963131e+00,  3.91183017e-02,\n",
       "          1.94031847e+01,  5.85825800e+00, -4.89050446e+02,\n",
       "         -4.25523629e-01,  1.13398580e+01,  2.61985148e+01,\n",
       "         -1.79933088e+00,  1.22854223e-01,  3.11880699e-01,\n",
       "          9.71698554e+00, -3.41260141e+00, -1.02276280e+00,\n",
       "          4.58374855e+00, -9.62496270e+00, -5.65590588e+00,\n",
       "          5.35877769e-01,  1.26816878e+01],\n",
       "        [-7.43114142e-01,  1.05718493e+02, -8.61276024e-01,\n",
       "          5.85825800e+00,  5.28480252e+02, -2.50632009e+04,\n",
       "         -5.70498363e+00, -2.39510569e+01,  1.21334051e+03,\n",
       "         -3.08157306e+01,  2.09176014e+00, -1.14092301e+01,\n",
       "          9.99416191e+00, -3.62281696e+02, -6.58832695e+00,\n",
       "         -7.48886604e+00, -9.50240158e+01, -4.98100841e+02,\n",
       "         -2.02031808e+01, -9.55737612e+02],\n",
       "        [-3.42240167e+02, -3.19226129e+03,  8.22183213e+01,\n",
       "         -4.89050446e+02, -2.50632009e+04,  4.17391010e+06,\n",
       "         -5.45445591e+02, -3.46703758e+03, -2.13718015e+05,\n",
       "          4.72818295e+02,  3.44978244e+01, -1.27519535e+03,\n",
       "          3.07040736e+03,  3.98550067e+04,  1.53614873e+03,\n",
       "          6.58920262e+02,  8.43785213e+03,  5.87303803e+04,\n",
       "          1.40733905e+03,  1.09912207e+05],\n",
       "        [ 2.94364169e-01, -4.77841544e+00, -1.14522712e-02,\n",
       "         -4.25523629e-01, -5.70498363e+00, -5.45445591e+02,\n",
       "          7.42589131e-01, -7.07000777e-01,  2.77588616e+01,\n",
       "          1.49549139e+00, -1.74203550e-01,  9.43726501e-01,\n",
       "         -4.45434763e+00, -9.14668574e+00, -8.31060587e-01,\n",
       "         -1.53756609e+00,  8.80137584e-01, -7.86831879e+00,\n",
       "         -1.28611544e+00, -1.46427408e+01],\n",
       "        [-1.05872328e+00,  9.27517203e+00,  2.20696611e-01,\n",
       "          1.13398580e+01, -2.39510569e+01, -3.46703758e+03,\n",
       "         -7.07000777e-01,  8.45222189e+01,  1.91431111e+02,\n",
       "          6.96818275e+00,  4.21047969e-02, -1.40987749e+01,\n",
       "          4.33462155e+01,  8.80659326e-01, -7.41176850e+00,\n",
       "         -1.21178089e+00, -1.54621494e+01, -3.92904776e+01,\n",
       "         -5.39558843e+00,  6.24084112e+01],\n",
       "        [ 1.75708927e+01,  1.65591156e+02, -4.08445542e+00,\n",
       "          2.61985148e+01,  1.21334051e+03, -2.13718015e+05,\n",
